000010010
011100010
010111111
011101010
110010011
111101011
000100011
101011001
110101110


100010110
011100010
010111111
111101110
110000011
111101011
100000111
101011001
110101110


100010110
011100010
010111111
111101110
110010011
111101011
100000111
101011001
110101110


000110010
011100010
010111111
011101010
110010011
111101011
100100011
101011001
110101110


100010110
001100010
010111111
111101110
110010011
111101011
100000111
111011001
110101110


100010110
011100010
010111111
111101110
110010011
111101011
100000111
101011001
110101110


100010010
011100010
010111111
111101010
110010011
111101011
100100011
101011001
110101110


100010110
011100010
010111111
111101110
110010011
111101011
100000111
101011011
110101110


100010110
011100010
010111111
111101110
110010011
111101011
100000111
101011001
110101110

